0.000000000000000000e+00
2.222222222222222307e-02
4.444444444444444614e-02
6.666666666666666574e-02
8.888888888888889228e-02
1.111111111111111049e-01
1.333333333333333315e-01
1.555555555555555580e-01
1.777777777777777846e-01
2.000000000000000111e-01
2.222222222222222099e-01
2.444444444444444364e-01
2.666666666666666630e-01
2.888888888888889173e-01
3.111111111111111160e-01
3.333333333333333148e-01
3.555555555555555691e-01
3.777777777777778234e-01
4.000000000000000222e-01
4.222222222222222765e-01
4.444444444444444198e-01
4.666666666666666741e-01
4.888888888888888729e-01
5.111111111111110716e-01
5.333333333333333259e-01
5.555555555555555802e-01
5.777777777777778345e-01
5.999999999999999778e-01
6.222222222222222321e-01
6.444444444444444864e-01
6.666666666666666297e-01
6.888888888888888840e-01
7.111111111111111382e-01
7.333333333333333925e-01
7.555555555555556468e-01
7.777777777777777901e-01
8.000000000000000444e-01
8.222222222222222987e-01
8.444444444444445530e-01
8.666666666666665853e-01
8.888888888888888395e-01
9.111111111111110938e-01
9.333333333333333481e-01
9.555555555555556024e-01
9.777777777777777457e-01
1.000000000000000000e+00
1.022222222222222143e+00
1.044444444444444509e+00
1.066666666666666652e+00
1.088888888888888795e+00
1.111111111111111160e+00
1.133333333333333304e+00
1.155555555555555669e+00
1.177777777777777812e+00
1.199999999999999956e+00
1.222222222222222321e+00
1.244444444444444464e+00
1.266666666666666829e+00
1.288888888888888973e+00
1.311111111111111338e+00
1.333333333333333259e+00
1.355555555555555403e+00
1.377777777777777768e+00
1.399999999999999911e+00
1.422222222222222276e+00
1.444444444444444420e+00
1.466666666666666785e+00
1.488888888888888928e+00
1.511111111111111294e+00
1.533333333333333215e+00
1.555555555555555580e+00
1.577777777777777724e+00
1.600000000000000089e+00
1.622222222222222232e+00
1.644444444444444597e+00
1.666666666666666741e+00
1.688888888888889106e+00
1.711111111111111249e+00
1.733333333333333171e+00
1.755555555555555536e+00
1.777777777777777679e+00
1.800000000000000044e+00
1.822222222222222188e+00
1.844444444444444553e+00
1.866666666666666696e+00
1.888888888888889062e+00
1.911111111111111205e+00
1.933333333333333348e+00
1.955555555555555491e+00
1.977777777777777857e+00
