1.717329212559272029e+37
1.717329212559272029e+37
1.700354204017146631e+37
1.666509141710717140e+37
1.616017034155257859e+37
1.549243952240783306e+37
1.466733887184089517e+37
1.369251107322673458e+37
1.257828139330339269e+37
1.133818886823799160e+37
9.989589243636508827e+36
8.554392329331974769e+36
7.060070604913496536e+36
5.541222064827744357e+36
4.042309023113648075e+36
2.623177396953965946e+36
1.373113407036586081e+36
4.851210312362749153e+35
1.061365716765838796e+35
1.566634857162637092e+33
0.000000000000000000e+00
0.000000000000000000e+00
0.000000000000000000e+00
0.000000000000000000e+00
0.000000000000000000e+00
0.000000000000000000e+00
0.000000000000000000e+00
1.566634857162521224e+33
1.061365716765838796e+35
4.851210312362707094e+35
1.373113407036586081e+36
2.623177396953965946e+36
4.042309023113648075e+36
5.541222064827732551e+36
7.060070604913496536e+36
8.554392329331974769e+36
9.989589243636508827e+36
1.133818886823799160e+37
1.257828139330337852e+37
1.369251107322673458e+37
1.466733887184089045e+37
1.549243952240783306e+37
1.616017034155257859e+37
1.666509141710717140e+37
1.700354204017146631e+37
1.717329212559272029e+37
1.717329212559272029e+37
1.700354204017146631e+37
1.666509141710717612e+37
1.616017034155258332e+37
1.549243952240783306e+37
1.466733887184089517e+37
1.369251107322673458e+37
1.257828139330339269e+37
1.133818886823799160e+37
9.989589243636508827e+36
8.554392329331993659e+36
7.060070604913505981e+36
5.541222064827744357e+36
4.042309023113648075e+36
2.623177396953974800e+36
1.373113407036586081e+36
4.851210312362673152e+35
1.061365716765824592e+35
1.566634857162521224e+33
0.000000000000000000e+00
0.000000000000000000e+00
0.000000000000000000e+00
0.000000000000000000e+00
0.000000000000000000e+00
0.000000000000000000e+00
0.000000000000000000e+00
1.566634857162637092e+33
1.061365716765838796e+35
4.851210312362707094e+35
1.373113407036586081e+36
2.623177396953965946e+36
4.042309023113648075e+36
5.541222064827732551e+36
7.060070604913496536e+36
8.554392329331974769e+36
9.989589243636508827e+36
1.133818886823799160e+37
1.257828139330339269e+37
1.369251107322673458e+37
1.466733887184089517e+37
1.549243952240783306e+37
1.616017034155258332e+37
1.666509141710717140e+37
1.700354204017146631e+37
